0 0 0 0 0 0 0 0 0 0 0 0 0 0 0 0 0 0 0 0 0 0 0 0 0 0 0 0 0 0 0 0 0 0 0 0 0 0 0 0 0 0 0 0 0 0 0 0 0 0 0 0 0 0 0 0 0 0 0 0 0 0 0 0 0 0 0 0 0 
0 0 0 0 0 0 0 0 0 0 0 0 0 0 0 0 0 0 0 0 0 0 0 0 0 0 0 0 0 0 0 0 0 0 0 0 0 0 0 0 0 0 0 0 0 0 0 0 0 0 0 0 0 0 0 0 0 0 0 0 0 0 0 0 0 0 0 0 0 
0 0 0 0 0 0 0 0 0 0 0 0 0 0 0 0 0 0 0 0 0 0 0 0 0 0 0 0 0 0 0 0 0 0 0 0 0 0 0 0 0 0 0 0 0 0 0 0 0 0 0 0 0 0 0 0 0 0 0 0 0 0 0 0 0 0 0 0 0 
0 0 0 0 0 0 0 0 0 0 0 0 0 0 0 0 0 0 0 0 0 0 0 0 0 0 0 0 0 0 0 0 0 0 0 0 0 0 0 0 0 0 0 0 0 0 0 0 0 0 0 0 0 0 0 0 0 0 0 0 0 0 0 0 0 0 0 0 0 
0 0 0 0 0 0 0 0 0 0 0 0 0 0 0 0 0 0 0 0 0 0 0 0 0 0 0 0 0 0 0 0 0 0 0 0 0 0 0 0 0 0 0 0 0 0 0 0 0 0 0 0 0 0 0 0 0 0 0 0 0 0 0 0 0 0 0 0 0 
0 0 0 0 0 0 0 0 0 0 0 0 0 0 0 0 0 0 0 0 0 0 0 0 0 0 0 0 0 0 0 0 0 0 0 0 0 0 0 0 0 0 0 0 0 0 0 0 0 0 0 0 0 0 0 0 0 0 0 0 0 0 0 0 0 0 0 0 0 
0 0 0 0 0 0 0 0 0 0 0 0 0 0 0 0 0 0 0 0 0 0 0 0 0 0 0 0 0 0 0 0 0 0 0 0 0 0 0 0 0 0 0 0 0 0 0 0 0 0 0 0 0 0 0 0 0 0 0 0 0 0 0 0 0 0 0 0 0 
0 0 0 0 0 0 0 0 0 0 0 0 0 0 0 0 0 0 0 0 0 0 0 0 0 0 0 0 0 0 0 0 0 0 0 0 0 0 0 0 0 0 0 0 0 0 0 0 0 0 0 0 0 0 0 0 0 0 0 0 0 0 0 0 0 0 0 0 0 
0 0 0 0 0 0 0 0 0 0 0 0 0 0 0 0 0 0 0 0 0 0 0 0 0 0 0 0 0 0 0 0 0 0 0 0 0 0 0 0 0 0 0 0 0 0 0 0 0 0 0 0 0 0 0 0 0 0 0 0 0 0 0 0 0 0 0 0 0 
0 0 0 0 0 0 0 0 0 0 0 0 0 0 0 0 0 0 0 0 0 0 0 0 0 0 0 0 0 0 0 0 0 0 0 0 0 0 0 0 0 0 0 0 0 0 0 0 0 0 0 0 0 0 0 0 0 0 0 0 0 0 0 0 0 0 0 0 0 
0 0 0 0 0 0 0 0 0 0 0 0 0 0 0 0 0 0 0 0 0 0 0 0 0 0 0 0 0 0 0 0 0 0 0 0 0 0 0 0 0 0 0 0 0 0 0 0 0 0 0 0 0 0 0 0 0 0 0 0 0 0 0 0 0 0 0 0 0 
0 0 0 0 0 0 0 0 0 0 0 0 0 0 0 0 0 0 0 0 0 0 0 0 0 0 0 0 0 0 0 0 0 0 0 0 0 0 0 0 0 0 0 0 0 0 0 0 0 0 0 0 0 0 0 0 0 0 0 0 0 0 0 0 0 0 0 0 0 
0 0 0 0 0 0 0 0 0 0 0 0 0 0 0 0 0 0 0 0 0 0 0 0 0 0 0 0 0 0 0 0 0 0 0 0 0 0 0 0 0 0 0 0 0 0 0 0 0 0 0 0 0 0 0 0 0 0 0 0 0 0 0 0 0 0 0 0 0 
0 0 0 0 0 0 0 0 0 0 0 0 0 0 0 0 0 0 0 0 0 0 0 0 0 0 0 0 0 0 0 0 0 0 0 0 0 0 0 0 0 0 0 0 0 0 0 0 0 0 0 0 0 0 0 0 0 0 0 0 0 0 0 0 0 0 0 0 0 
0 0 0 0 0 0 0 0 0 0 0 0 0 0 0 0 0 0 0 0 0 0 0 0 0 0 0 0 0 0 0 0 0 0 0 0 0 0 0 0 0 0 0 0 0 0 0 0 0 0 0 0 0 0 0 0 0 0 0 0 0 0 0 0 0 0 0 0 0 
0 0 0 0 0 0 0 0 0 0 0 0 0 0 0 0 0 0 0 0 0 0 0 0 0 0 0 0 0 0 0 -3.26793e-17 -1.57678e-17 -7.60795e-18 -3.67084e-18 -1.77118e-18 -8.54593e-19 -4.12341e-19 -1.98955e-19 -9.59956e-20 -4.63179e-20 -2.23484e-20 -1.07831e-20 -5.20284e-21 -2.51037e-21 -1.21125e-21 -5.8443e-22 -2.81988e-22 -1.36059e-22 -6.56485e-23 -3.16754e-23 -1.52834e-23 -7.37423e-24 -3.55807e-24 -1.71677e-24 -8.2834e-25 -3.99674e-25 -1.92843e-25 -9.30466e-26 -4.4895e-26 -2.16618e-26 -1.04518e-26 -5.04301e-27 0 0 0 0 0 0 
0 0 0 0 0 0 0 0 0 0 0 0 0 0 0 0 0 0 0 0 0 0 0 0 0 0 0 0 0 0 -3.26793e-17 -1.62253e-16 -1.18574e-16 -6.08829e-17 -3.11472e-17 -1.58831e-17 -8.07594e-18 -4.0956e-18 -2.07212e-18 -1.04612e-18 -5.27099e-19 -2.65109e-19 -1.33118e-19 -6.67397e-20 -3.34132e-20 -1.67063e-20 -8.34277e-21 -4.16144e-21 -2.07354e-21 -1.03216e-21 -5.13301e-22 -2.55042e-22 -1.26616e-22 -6.28089e-23 -3.11336e-23 -1.54217e-23 -7.63379e-24 -3.77635e-24 -1.86698e-24 -9.22482e-25 -4.55549e-25 -2.24845e-25 -1.10921e-25 0 0 0 0 0 0 
0 0 0 0 0 0 0 0 0 0 0 0 0 0 0 0 0 0 0 0 0 0 0 0 0 0 0 0 0 0 -1.57678e-17 -1.18574e-16 -1.14424e-16 -8.45857e-17 -5.58411e-17 -3.46069e-17 -2.05945e-17 -1.1913e-17 -6.7478e-18 -3.76057e-18 -2.0688e-18 -1.12611e-18 -6.07578e-19 -3.25358e-19 -1.73107e-19 -9.1585e-20 -4.82151e-20 -2.52717e-20 -1.31941e-20 -6.86416e-21 -3.55963e-21 -1.84058e-21 -9.4917e-22 -4.8828e-22 -2.50617e-22 -1.28364e-22 -6.56188e-23 -3.34832e-23 -1.70564e-23 -8.67483e-24 -4.40541e-24 -2.2341e-24 -1.13147e-24 -5.45935e-25 0 0 0 0 0 
0 0 0 0 0 0 0 0 0 0 0 0 0 0 0 0 0 0 0 0 0 0 0 0 0 0 0 0 0 0 -7.60795e-18 -6.08829e-17 -8.45857e-17 -8.16252e-17 -6.63275e-17 -4.87008e-17 -3.3435e-17 -2.18804e-17 -1.38131e-17 -8.4793e-18 -5.08946e-18 -2.99901e-18 -1.74018e-18 -9.96622e-19 -5.64394e-19 -3.1651e-19 -1.7598e-19 -9.71039e-20 -5.32188e-20 -2.899e-20 -1.57052e-20 -8.46584e-21 -4.54274e-21 -2.42747e-21 -1.29218e-21 -6.8541e-22 -3.62372e-22 -1.91e-22 -1.00387e-22 -5.26224e-23 -2.75159e-23 -1.43544e-23 -7.47193e-24 -3.86862e-24 0 0 0 0 0 
0 0 0 0 0 0 0 0 0 0 0 0 0 0 0 0 0 0 0 0 0 0 0 0 0 0 0 0 0 0 -3.67084e-18 -3.11472e-17 -5.58411e-17 -6.63275e-17 -6.4006e-17 -3.80414e-17 -3.44874e-17 -2.71974e-17 -1.97876e-17 -1.36388e-17 -9.03637e-18 -5.80707e-18 -3.64155e-18 -2.23792e-18 -1.35211e-18 -8.05111e-19 -4.73377e-19 -2.75257e-19 -6.55171e-17 -3.1626e-17 -1.52671e-17 -7.37047e-18 -3.55844e-18 -1.71812e-18 -8.29617e-19 -4.00621e-19 -1.93474e-19 -9.34435e-20 -4.51349e-20 -2.1803e-20 -1.05332e-20 -5.08921e-21 -2.45915e-21 -1.18841e-21 -5.73406e-22 0 0 0 0 
0 0 0 0 0 0 0 0 0 0 0 0 0 0 0 0 0 0 0 0 0 0 0 0 0 0 0 0 0 0 -1.77118e-18 -1.58831e-17 -3.46069e-17 -4.87008e-17 -3.80414e-17 2.86487e-17 1.35225e-17 -6.59816e-18 -1.27311e-17 -1.27235e-17 -1.04991e-17 -7.86774e-18 -5.55323e-18 -3.75923e-18 -2.46622e-18 -1.57842e-18 -9.89991e-19 -6.59691e-17 -3.24877e-16 -2.37371e-16 -1.21898e-16 -6.2372e-17 -3.18115e-17 -1.6178e-17 -8.20618e-18 -4.15278e-18 -2.09707e-18 -1.05692e-18 -5.31743e-19 -2.67086e-19 -1.33951e-19 -6.7087e-20 -3.3556e-20 -1.67642e-20 -8.36539e-21 0 0 0 0 
0 0 0 0 0 0 0 0 0 0 0 0 0 0 0 0 0 0 0 0 0 0 0 0 0 0 0 0 0 0 -8.54593e-19 -8.07594e-18 -2.05945e-17 -3.3435e-17 -3.44874e-17 1.35225e-17 1.30492e-17 3.11263e-18 -4.64092e-18 -8.37832e-18 -9.10837e-18 -8.19097e-18 -6.63158e-18 -5.01356e-18 -3.609e-18 -2.50293e-18 -1.68533e-18 -3.26433e-17 -2.37862e-16 -2.293e-16 -1.69453e-16 -1.11856e-16 -6.93193e-17 -4.12525e-17 -2.38638e-17 -1.3518e-17 -7.53427e-18 -4.14525e-18 -2.25665e-18 -1.2177e-18 -6.52173e-19 -3.47043e-19 -1.83639e-19 -9.66945e-20 -5.06914e-20 -2.44586e-20 0 0 0 
0 0 0 0 0 0 0 0 0 0 0 0 0 0 0 0 0 0 0 0 0 0 0 0 0 0 0 0 0 0 -4.12341e-19 -4.0956e-18 -1.1913e-17 -2.18804e-17 -2.71974e-17 -6.59816e-18 3.11263e-18 3.00369e-18 -7.89964e-19 -4.4237e-18 -6.52922e-18 -7.10249e-18 -6.62669e-18 -5.61642e-18 -4.45126e-18 -3.3554e-18 -2.43215e-18 -1.69239e-17 -1.22934e-16 -1.69953e-16 -1.63763e-16 -1.32986e-16 -9.76124e-17 -6.70023e-17 -4.38429e-17 -2.76766e-17 -1.69893e-17 -1.01974e-17 -6.00908e-18 -3.48692e-18 -1.99711e-18 -1.13106e-18 -6.3434e-19 -3.52724e-19 -1.94648e-19 -1.05719e-19 0 0 0 
0 0 0 0 0 0 0 0 0 0 0 0 0 0 0 0 0 0 0 0 0 0 0 0 0 0 0 0 0 0 -1.98955e-19 -2.07212e-18 -6.7478e-18 -1.38131e-17 -1.97876e-17 -1.27311e-17 -4.64092e-18 -7.89964e-19 -7.62315e-19 -2.50225e-18 -4.35769e-18 -5.52954e-18 -5.86538e-18 -5.53997e-18 -4.82077e-18 -3.945e-18 -3.07698e-18 -9.65042e-18 -6.39721e-17 -1.12869e-16 -1.33475e-16 -1.28568e-16 -1.09132e-16 -8.49847e-17 -6.21593e-17 -4.33459e-17 -2.91117e-17 -1.89666e-17 -1.20508e-17 -7.49694e-18 -4.58088e-18 -2.75601e-18 -1.63584e-18 -9.59484e-19 -5.56869e-19 -3.19699e-19 -1.54255e-19 0 0 
0 0 0 0 0 0 0 0 0 0 0 0 0 0 0 0 0 0 0 0 0 0 0 0 0 0 0 0 0 0 -9.59956e-20 -1.04612e-18 -3.76057e-18 -8.4793e-18 -1.36388e-17 -1.27235e-17 -8.37832e-18 -4.4237e-18 -2.50225e-18 -2.41467e-18 -3.26766e-18 -4.24465e-18 -4.87809e-18 -5.02671e-18 -4.75141e-18 -4.19602e-18 -3.50922e-18 -6.34953e-18 -3.39302e-17 -7.08305e-17 -9.85774e-17 -1.09597e-16 -1.05537e-16 -9.19267e-17 -7.43465e-17 -5.67866e-17 -4.14459e-17 -2.91491e-17 -1.98789e-17 -1.32089e-17 -8.58355e-18 -5.47134e-18 -3.42921e-18 -2.11755e-18 -1.29041e-18 -7.76875e-19 -4.4927e-19 0 0 
0 0 0 0 0 0 0 0 0 0 0 0 0 0 0 0 0 0 0 0 0 0 0 0 0 0 0 0 0 0 -4.63179e-20 -5.27099e-19 -2.0688e-18 -5.08946e-18 -9.03637e-18 -1.04991e-17 -9.10837e-18 -6.52922e-18 -4.35769e-18 -3.26766e-18 -3.15329e-18 -3.56951e-18 -4.07596e-18 -4.39204e-18 -4.41172e-18 -4.15323e-18 -3.69713e-18 -4.84751e-18 -1.87102e-17 -4.32034e-17 -6.84093e-17 -8.58882e-17 -9.23626e-17 -8.89196e-17 -7.87759e-17 -6.54089e-17 -5.15574e-17 -3.89409e-17 -2.83806e-17 -2.00669e-17 -1.38238e-17 -9.30992e-18 -6.14663e-18 -3.98747e-18 -2.54657e-18 -1.60356e-18 -9.90493e-19 0 0 
0 0 0 0 0 0 0 0 0 0 0 0 0 0 0 0 0 0 0 0 0 0 0 0 0 0 0 -1.63397e-17 -7.88389e-18 -3.80397e-18 -1.85777e-18 -1.1507e-18 -1.55341e-18 1.31345e-17 1.97734e-18 -4.11176e-18 -6.37871e-18 -6.22808e-18 -5.10763e-18 -4.04108e-18 -3.47129e-18 -3.39718e-18 -3.60579e-18 -3.85896e-18 -3.9906e-18 -3.9294e-18 -3.6798e-18 -4.11443e-18 -1.10129e-17 -2.61594e-17 -4.56294e-17 -6.34572e-17 -7.51831e-17 -7.91795e-17 -7.62135e-17 -6.83328e-17 -5.7847e-17 -4.67002e-17 -3.62264e-17 -2.71615e-17 -1.97754e-17 -1.40337e-17 -9.737e-18 -6.62206e-18 -4.42386e-18 -2.90823e-18 -1.88114e-18 -9.07648e-19 0 
0 0 0 0 0 0 0 0 0 0 0 0 0 0 0 0 0 0 0 0 0 0 0 -3.26793e-17 -1.57678e-17 -7.60795e-18 -5.26898e-17 -9.86654e-17 -6.77497e-17 -3.45246e-17 -1.75545e-17 -9.02526e-18 1.12355e-17 7.71171e-17 5.45027e-17 2.43136e-17 8.65361e-18 1.17032e-18 -1.89975e-18 -2.86645e-18 -3.05796e-18 -3.11461e-18 -3.24259e-18 -3.4265e-18 -3.57875e-18 -3.62268e-18 -3.52345e-18 -3.68528e-18 -7.09187e-18 -1.60437e-17 -2.97573e-17 -4.4976e-17 -5.79768e-17 -6.61779e-17 -6.87039e-17 -6.61202e-17 -5.98142e-17 -5.13932e-17 -4.22765e-17 -3.35038e-17 -2.57073e-17 -1.9175e-17 -1.395e-17 -9.92604e-18 -6.92383e-18 -4.74397e-18 -3.19661e-18 -1.98031e-18 0 
0 0 0 0 0 0 0 0 0 0 0 0 0 0 0 0 0 0 0 0 0 0 -3.26793e-17 -1.62253e-16 -1.18574e-16 -9.35622e-17 -2.01284e-16 -1.93744e-16 -1.26171e-16 -7.75356e-17 -4.5881e-17 -2.64923e-17 -7.36141e-18 4.99968e-17 5.0421e-17 3.60595e-17 2.15741e-17 1.09742e-17 4.3784e-18 7.29516e-19 -1.12347e-18 -2.04487e-18 -2.5512e-18 -2.88424e-18 -3.11839e-18 -3.25257e-18 -3.26943e-18 -3.35564e-18 -5.04093e-18 -1.01733e-17 -1.92665e-17 -3.0997e-17 -4.29298e-17 -5.26445e-17 -5.85506e-17 -6.01536e-17 -5.78845e-17 -5.27265e-17 -4.58389e-17 -3.82829e-17 -3.08752e-17 -2.41492e-17 -1.83829e-17 -1.36591e-17 -9.93125e-18 -7.08079e-18 -4.95885e-18 -3.34814e-18 0 
0 0 0 0 0 0 0 0 0 0 0 0 0 0 0 0 0 0 0 0 0 0 -1.57678e-17 -1.18574e-16 -1.14424e-16 -1.00353e-16 -1.78219e-16 -1.79473e-16 -1.47473e-16 -1.08567e-16 -7.4521e-17 -4.87389e-17 -2.70684e-17 1.1063e-17 2.9666e-17 3.17126e-17 2.57108e-17 1.77005e-17 1.06531e-17 5.4921e-18 2.10786e-18 3.03914e-20 -1.21629e-18 -1.97851e-18 -2.45925e-18 -2.75595e-18 -2.90725e-18 -3.02184e-18 -3.89029e-18 -6.7857e-18 -1.25702e-17 -2.10212e-17 -3.08564e-17 -4.02892e-17 -4.76902e-17 -5.20346e-17 -5.3036e-17 -5.10304e-17 -4.67394e-17 -4.10233e-17 -3.4691e-17 -2.83904e-17 -2.25681e-17 -1.74796e-17 -1.32257e-17 -9.7979e-18 -7.12013e-18 -5.05094e-18 0 
0 0 0 0 0 0 0 0 0 0 0 0 0 0 0 0 0 0 0 0 0 0 -7.60795e-18 -6.08829e-17 -8.45857e-17 -8.92331e-17 -1.29046e-16 -1.4886e-16 -1.42981e-16 -1.21372e-16 -9.45182e-17 -6.91215e-17 -4.64116e-17 -1.70557e-17 6.08446e-18 1.82371e-17 2.12048e-17 1.87718e-17 1.41975e-17 9.50023e-18 5.60091e-18 2.7171e-18 7.24141e-19 -6.05231e-19 -1.47861e-18 -2.04318e-18 -2.38858e-18 -2.61053e-18 -3.13664e-18 -4.78753e-18 -8.3751e-18 -1.41837e-17 -2.17318e-17 -2.99251e-17 -3.74494e-17 -4.3176e-17 -4.64223e-17 -4.70209e-17 -4.52394e-17 -4.16217e-17 -3.68209e-17 -3.14645e-17 -2.60707e-17 -2.1013e-17 -1.65202e-17 -1.26985e-17 -9.56249e-18 -7.05098e-18 0 
0 0 0 0 0 0 0 0 0 0 0 0 0 0 0 0 0 0 0 0 0 0 -3.67084e-18 -3.11472e-17 -5.58411e-17 -6.99983e-17 -9.60388e-17 -1.18164e-16 -1.26002e-16 -1.19358e-16 -1.03195e-16 -8.31428e-17 -6.251e-17 -3.83905e-17 -1.55877e-17 1.27834e-18 1.08481e-17 7.96503e-17 4.52815e-17 2.64322e-17 1.5456e-17 8.76851e-18 4.5802e-18 1.91792e-18 2.11967e-19 -8.8356e-19 -1.57881e-18 -2.02136e-18 -2.48873e-18 -3.5108e-18 -5.73495e-18 -9.61075e-18 -1.51228e-17 -2.17356e-17 -2.85568e-17 -3.46111e-17 -3.90986e-17 -4.15527e-17 -4.18772e-17 -4.02882e-17 -3.72051e-17 -3.31331e-17 -2.85658e-17 -2.39218e-17 -1.95133e-17 -1.55422e-17 -1.2113e-17 -9.24662e-18 0 
0 0 0 0 0 0 0 0 0 0 0 0 0 0 0 0 0 0 0 0 0 0 -1.77118e-18 -1.58831e-17 -3.46069e-17 -5.0472e-17 -7.06915e-17 -9.11226e-17 -1.04763e-16 -1.08138e-16 -1.01968e-16 -8.93161e-17 -7.32561e-17 -5.38695e-17 -3.35131e-17 -1.55533e-17 6.30884e-17 3.30306e-16 2.4658e-16 1.31728e-16 7.10164e-17 3.84962e-17 2.07844e-17 1.09539e-17 5.38751e-18 2.17316e-18 2.86773e-19 -8.36936e-19 -1.60464e-18 -2.4682e-18 -3.95802e-18 -6.54693e-18 -1.04556e-17 -1.55323e-17 -2.1273e-17 -2.69641e-17 -3.18752e-17 -3.5429e-17 -3.73002e-17 -3.74364e-17 -3.60146e-17 -3.33637e-17 -2.9881e-17 -2.59599e-17 -2.19408e-17 -1.80855e-17 -1.45708e-17 -1.14919e-17 0 
0 0 0 0 0 0 0 0 0 0 0 0 0 0 0 0 0 0 0 0 0 0 -8.54593e-19 -8.07594e-18 -2.05945e-17 -3.42896e-17 -5.06534e-17 -6.84069e-17 -8.35543e-17 -9.24916e-17 -9.38269e-17 -8.83665e-17 -7.79829e-17 -6.36188e-17 -4.68661e-17 -3.01174e-17 1.59085e-17 2.32407e-16 2.31111e-16 1.7507e-16 1.18737e-16 7.58649e-17 4.66332e-17 2.77858e-17 1.60061e-17 8.7715e-18 4.37061e-18 1.705e-18 4.84257e-20 -1.16754e-18 -2.47308e-18 -4.35216e-18 -7.14476e-18 -1.09417e-17 -1.55436e-17 -2.05099e-17 -2.52758e-17 -2.92901e-17 -3.21298e-17 -3.35657e-17 -3.35725e-17 -3.22967e-17 -3.00008e-17 -2.7001e-17 -2.36144e-17 -2.01202e-17 -1.67384e-17 -1.36211e-17 0 
0 0 0 0 0 0 0 0 0 0 0 0 0 0 0 0 0 0 0 0 0 0 -4.12341e-19 -4.0956e-18 -1.1913e-17 -2.22927e-17 -3.51965e-17 -4.99886e-17 -6.44345e-17 -7.57169e-17 -8.18049e-17 -8.21077e-17 -7.72437e-17 -6.79662e-17 -5.54066e-17 -3.33814e-17 -4.62669e-18 1.11739e-16 1.66311e-16 1.65144e-16 1.37178e-16 1.02893e-16 7.21943e-17 4.82636e-17 3.10213e-17 1.92054e-17 1.1378e-17 6.31382e-18 3.07039e-18 9.18417e-19 -8.63387e-18 -5.79449e-17 -5.63409e-17 -4.44951e-17 -3.47737e-17 -2.94753e-17 -2.77689e-17 -2.8183e-17 -2.94156e-17 -3.05403e-17 -3.10076e-17 -3.05797e-17 -2.92471e-17 -2.71479e-17 -2.44968e-17 -2.15296e-17 -1.84653e-17 -1.54821e-17 0 
0 0 0 0 0 0 0 0 0 0 0 0 0 0 0 0 0 0 0 0 0 0 0 0 0 0 0 0 0 0 0 0 0 0 0 1.63397e-17 7.88389e-18 3.80397e-18 1.83542e-18 8.85589e-19 4.27297e-19 2.06171e-19 9.94773e-20 4.79978e-20 2.31589e-20 1.11742e-20 5.39155e-21 2.60142e-21 1.25519e-21 6.05627e-22 -1.63394e-17 -7.32424e-17 -5.16791e-17 -2.49352e-17 -1.20312e-17 -5.80506e-18 -2.80094e-18 -1.35145e-18 -6.52077e-19 -3.14627e-19 -1.51808e-19 -7.32472e-20 -3.53418e-20 -1.70524e-20 -8.22778e-21 -3.96991e-21 -1.91548e-21 -9.24219e-22 0 
0 0 0 0 0 0 0 0 0 0 0 0 0 0 0 0 0 0 0 0 0 0 0 0 0 0 0 0 0 0 0 0 0 0 1.63397e-17 8.11264e-17 5.92871e-17 3.04415e-17 1.55736e-17 7.94155e-18 4.03797e-18 2.0478e-18 1.03606e-18 5.23058e-19 2.6355e-19 1.32554e-19 6.65589e-20 3.33698e-20 1.67066e-20 8.35314e-21 -7.87971e-18 -5.54811e-17 -5.17048e-17 -3.69788e-17 -2.36473e-17 -1.42108e-17 -8.20815e-18 -4.61251e-18 -2.54016e-18 -1.37744e-18 -7.3786e-19 -3.91359e-19 -2.05883e-19 -1.07566e-19 -5.58707e-20 -2.88731e-20 -1.48555e-20 -7.61371e-21 0 
0 0 0 0 0 0 0 0 0 0 0 0 0 0 0 0 0 0 0 0 0 0 0 0 0 0 0 0 0 0 0 0 0 0 7.88389e-18 5.92871e-17 5.72121e-17 4.22928e-17 2.79205e-17 1.73035e-17 1.02972e-17 5.95648e-18 3.3739e-18 1.88028e-18 1.0344e-18 5.63055e-19 3.03789e-19 1.62679e-19 8.65536e-20 4.57925e-20 -3.77987e-18 -2.85934e-17 -3.87439e-17 -3.65362e-17 -2.90385e-17 -2.08678e-17 -1.40291e-17 -8.9946e-18 -5.56552e-18 -3.34998e-18 -1.97238e-18 -1.14051e-18 -6.49633e-19 -3.65349e-19 -2.03238e-19 -1.11994e-19 -6.12048e-20 -3.32049e-20 0 
0 0 0 0 0 0 0 0 0 0 0 0 0 0 0 0 0 0 0 0 0 0 0 0 0 0 0 0 0 0 0 0 0 0 3.80397e-18 3.04415e-17 4.22928e-17 4.08126e-17 3.31637e-17 2.43504e-17 1.67175e-17 1.09402e-17 6.90655e-18 4.23965e-18 2.54473e-18 1.49951e-18 8.70089e-19 4.98311e-19 2.82197e-19 1.58255e-19 -1.74743e-18 -1.46395e-17 -2.57575e-17 -3.00567e-17 -2.85134e-17 -2.38264e-17 -1.82653e-17 -1.31529e-17 -9.03165e-18 -5.97413e-18 -3.83419e-18 -2.40029e-18 -1.47159e-18 -8.86322e-19 -5.25713e-19 -3.07693e-19 -1.77993e-19 -1.01903e-19 0 
0 0 0 0 0 0 0 0 0 0 0 0 0 0 0 0 0 0 0 0 0 0 0 0 0 0 0 0 0 0 0 0 0 0 1.83542e-18 1.55736e-17 2.79205e-17 3.31637e-17 3.2003e-17 2.71905e-17 2.11856e-17 1.55007e-17 1.08115e-17 7.26218e-18 4.73183e-18 3.00662e-18 1.87051e-18 1.14296e-18 6.87637e-19 4.08143e-19 -6.46205e-19 -7.37533e-18 -1.59866e-17 -2.22159e-17 -2.44769e-17 -2.33064e-17 -2.00583e-17 -1.60244e-17 -1.20896e-17 -8.71573e-18 -6.05534e-18 -4.07984e-18 -2.67857e-18 -1.72006e-18 -1.08358e-18 -6.71292e-19 -4.0978e-19 -2.46887e-19 0 
0 0 0 0 0 0 0 0 0 0 0 0 0 0 0 0 0 0 0 0 0 0 0 0 0 0 0 0 0 0 0 0 0 0 8.85589e-19 7.94155e-18 1.73035e-17 2.43504e-17 2.71905e-17 2.62389e-17 2.28823e-17 1.85198e-17 1.41524e-17 1.03325e-17 7.26855e-18 4.95777e-18 3.29465e-18 2.14114e-18 1.36489e-18 8.55487e-19 1.00978e-19 -3.50987e-18 -9.40703e-18 -1.5258e-17 -1.91721e-17 -2.04959e-17 -1.95674e-17 -1.71731e-17 -1.41192e-17 -1.10179e-17 -8.23782e-18 -5.94327e-18 -4.16004e-18 -2.83715e-18 -1.89175e-18 -1.23667e-18 -7.94412e-19 -5.02427e-19 0 
0 0 0 0 0 0 0 0 0 0 0 0 0 0 0 0 0 0 0 0 0 0 0 0 0 0 0 0 0 0 0 0 0 0 4.27297e-19 4.03797e-18 1.02972e-17 1.67175e-17 2.11856e-17 2.28823e-17 2.20814e-17 1.95901e-17 1.62807e-17 1.28409e-17 9.7028e-18 7.07373e-18 5.00274e-18 3.44692e-18 2.3217e-18 1.53299e-18 7.88391e-19 -1.31312e-18 -5.17247e-18 -9.85773e-18 -1.40069e-17 -1.66476e-17 -1.74737e-17 -1.67171e-17 -1.48785e-17 -1.2495e-17 -1.00036e-17 -7.69436e-18 -5.71974e-18 -4.1287e-18 -2.90487e-18 -1.99829e-18 -1.34748e-18 -8.9258e-19 0 
0 0 0 0 0 0 0 0 0 0 0 0 0 0 0 0 0 0 0 0 0 0 0 0 0 0 0 0 0 0 0 0 0 0 2.06171e-19 2.0478e-18 5.95648e-18 1.09402e-17 1.55007e-17 1.85198e-17 1.95901e-17 1.89044e-17 1.69768e-17 1.43871e-17 1.16234e-17 9.02134e-18 6.76662e-18 4.92804e-18 3.498e-18 2.42745e-18 1.55164e-18 1.1509e-19 -2.44019e-18 -5.93374e-18 -9.62136e-18 -1.26748e-17 -1.45466e-17 -1.50847e-17 -1.44573e-17 -1.30045e-17 -1.11014e-17 -9.06895e-18 -7.13554e-18 -5.435e-18 -4.02398e-18 -2.90575e-18 -2.05218e-18 -1.42085e-18 0 
0 0 0 0 0 0 0 0 0 0 0 0 0 0 0 0 0 0 0 0 0 0 0 0 0 0 0 0 0 0 0 0 0 0 9.94773e-20 1.03606e-18 3.3739e-18 6.90655e-18 1.08115e-17 1.41524e-17 1.62807e-17 1.69768e-17 1.63827e-17 1.48464e-17 1.27717e-17 1.05151e-17 8.33844e-18 6.40107e-18 4.7763e-18 3.47581e-18 2.42575e-18 1.22595e-18 -5.85867e-19 -3.14571e-18 -6.16011e-18 -9.08783e-18 -1.14036e-17 -1.27806e-17 -1.31423e-17 -1.26158e-17 -1.14435e-17 -9.89728e-18 -8.21834e-18 -6.58773e-18 -5.12015e-18 -3.8725e-18 -2.85866e-18 0 0 
0 0 0 0 0 0 0 0 0 0 0 0 0 0 0 0 0 0 -6.53586e-17 -3.15355e-17 -1.52159e-17 -7.34167e-18 -3.54236e-18 -1.70919e-18 -8.24683e-19 -3.97909e-19 -1.91991e-19 -9.26358e-20 -4.46968e-20 -2.15662e-20 -1.04057e-20 -5.02074e-21 -2.42251e-21 -1.16886e-21 4.74338e-20 -1.58169e-17 -6.00373e-18 4.3561e-19 5.42673e-18 9.44691e-18 1.24136e-17 1.41809e-17 1.47469e-17 1.42788e-17 1.30518e-17 1.13711e-17 9.50983e-18 7.67701e-18 6.00872e-18 4.57629e-18 3.37848e-18 2.22164e-18 7.8926e-19 -1.13699e-18 -3.52085e-18 -6.08369e-18 -8.43763e-18 -1.02378e-17 -1.12809e-17 -1.15302e-17 -1.10848e-17 -1.01239e-17 -8.85011e-18 -7.44876e-18 -6.0645e-18 -4.7946e-18 -3.6927e-18 0 0 
0 0 0 0 0 0 0 0 0 0 0 0 0 0 0 0 0 -6.53586e-17 -3.24506e-16 -2.37148e-16 -1.21766e-16 -6.22944e-17 -3.17662e-17 -1.61519e-17 -8.19119e-18 -4.14424e-18 -2.09223e-18 -1.0542e-18 -5.30217e-19 -2.66235e-19 -1.33479e-19 -6.68263e-20 -3.34126e-20 -1.66855e-20 -1.63248e-17 -8.0867e-17 -9.09341e-17 -4.36655e-17 -1.84502e-17 -4.3441e-18 3.89353e-18 8.72091e-18 1.13232e-17 1.2353e-17 1.22578e-17 1.14009e-17 1.00894e-17 8.57231e-18 7.03535e-18 5.60262e-18 4.33338e-18 3.1628e-18 1.90687e-18 3.71467e-19 -1.51958e-18 -3.66857e-18 -5.84124e-18 -7.75815e-18 -9.18634e-18 -9.99571e-18 -1.01714e-17 -9.79244e-18 -8.99503e-18 -7.93413e-18 -6.75434e-18 -5.57236e-18 -4.47039e-18 0 0 
0 0 0 0 0 0 0 0 0 0 0 0 0 0 0 0 0 -3.15355e-17 -2.37148e-16 -2.28848e-16 -1.69171e-16 -1.11682e-16 -6.92139e-17 -4.1189e-17 -2.38259e-17 -1.34956e-17 -7.52113e-18 -4.1376e-18 -2.25222e-18 -1.21516e-18 -6.50716e-19 -3.46214e-19 -1.8317e-19 3.25829e-17 7.84452e-18 -8.42523e-17 -2.15245e-16 -1.57604e-16 -8.49459e-17 -4.30824e-17 -1.89086e-17 -4.91558e-18 3.09168e-18 7.45204e-18 9.51e-18 1.00895e-17 9.73635e-18 8.83393e-18 7.65693e-18 6.39773e-18 5.17776e-18 4.02432e-18 2.8618e-18 1.56005e-18 1.95281e-20 -1.76067e-18 -3.66792e-18 -5.51308e-18 -7.09247e-18 -8.24505e-18 -8.88592e-18 -9.01231e-18 -8.68854e-18 -8.02044e-18 -7.12883e-18 -6.12833e-18 0 0 0 
0 0 0 0 0 0 0 0 0 0 0 0 0 0 0 0 0 -1.52159e-17 -1.21766e-16 -1.69171e-16 -1.6325e-16 -1.32655e-16 -9.74017e-17 -6.687e-17 -4.37608e-17 -2.76262e-17 -1.69586e-17 -1.01789e-17 -5.99802e-18 -3.48036e-18 -1.99324e-18 -1.12879e-18 3.20463e-17 1.61901e-16 1.14581e-16 1.46338e-17 -1.29474e-16 -1.38515e-16 -1.0782e-16 -7.28104e-17 -4.42544e-17 -2.37245e-17 -9.95535e-18 -1.20785e-18 4.00579e-18 6.80099e-18 7.97927e-18 8.11237e-18 7.60868e-18 6.7581e-18 5.75905e-18 4.72048e-18 3.65845e-18 2.51792e-18 1.22432e-18 -2.58786e-19 -1.89464e-18 -3.57422e-18 -5.14668e-18 -6.46151e-18 -7.40513e-18 -7.92142e-18 -8.0143e-18 -7.73676e-18 -7.17265e-18 -6.41772e-18 0 0 0 
0 0 0 0 0 0 0 0 0 0 0 0 0 0 0 0 0 -7.34167e-18 -6.22944e-17 -1.11682e-16 -1.32655e-16 -1.28012e-16 -1.08762e-16 -8.47425e-17 -6.20028e-17 -4.3246e-17 -2.90487e-17 -1.89273e-17 -1.20265e-17 -7.48205e-18 -4.57183e-18 -2.75055e-18 1.41352e-17 1.17617e-16 1.12036e-16 6.1118e-17 -3.29818e-17 -8.27472e-17 -9.19486e-17 -7.94962e-17 -5.97097e-17 -4.0257e-17 -2.42275e-17 -1.22725e-17 -3.9887e-18 1.35693e-18 4.50471e-18 6.08774e-18 6.60853e-18 6.44939e-18 5.89057e-18 5.11983e-18 4.23552e-18 3.25854e-18 2.16298e-18 9.18773e-19 -4.70854e-19 -1.95175e-18 -3.42499e-18 -4.77024e-18 -5.87462e-18 -6.65658e-18 -7.0787e-18 -7.14846e-18 -6.90994e-18 0 0 0 0 
0 0 0 0 0 0 0 0 0 0 0 0 0 0 0 0 0 -3.54236e-18 -3.17662e-17 -6.92139e-17 -9.74017e-17 -1.08762e-16 -1.04955e-16 -9.15293e-17 -7.40792e-17 -5.66094e-17 -4.13301e-17 -2.90742e-17 -1.98311e-17 1.95007e-17 7.2032e-18 2.1484e-18 7.85684e-18 6.0541e-17 8.32682e-17 6.96663e-17 1.77003e-17 -3.13851e-17 -5.95085e-17 -6.70698e-17 -6.11711e-17 -4.89391e-17 -3.53028e-17 -2.29551e-17 -1.30004e-17 -5.61797e-18 -5.37147e-19 2.67816e-18 4.48083e-18 5.27383e-18 5.38683e-18 5.06946e-18 4.48965e-18 3.7385e-18 2.84746e-18 1.81721e-18 6.49617e-19 -6.28279e-19 -1.9557e-18 -3.24527e-18 -4.40034e-18 -5.33497e-18 -5.9896e-18 -6.33911e-18 -6.39267e-18 0 0 0 0 
0 0 0 0 0 0 0 0 0 0 0 0 0 0 0 0 0 -1.70919e-18 -1.61519e-17 -4.1189e-17 -6.687e-17 -8.47425e-17 -9.15293e-17 -8.83257e-17 -7.83604e-17 -6.51229e-17 -5.13636e-17 -3.88112e-17 4.38441e-18 1.42242e-16 1.04787e-16 5.15961e-17 2.86861e-17 4.3052e-17 6.09495e-17 6.30222e-17 3.89486e-17 3.64937e-18 -2.6952e-17 -4.53655e-17 -5.14039e-17 -4.84155e-17 -4.03941e-17 -3.0566e-17 -2.10208e-17 -1.28532e-17 -6.46084e-18 -1.82514e-18 1.28137e-18 3.16288e-18 4.12523e-18 4.43644e-18 4.30684e-18 3.88188e-18 3.24691e-18 2.44344e-18 1.4924e-18 4.16937e-19 -7.42455e-19 -1.92408e-18 -3.05153e-18 -4.04649e-18 -4.84241e-18 -5.39509e-18 0 0 0 0 0 
0 0 0 0 0 0 0 0 0 0 0 0 0 0 0 0 0 -8.24683e-19 -8.19119e-18 -2.38259e-17 -4.37608e-17 -6.20028e-17 -7.40792e-17 -7.83604e-17 -7.56178e-17 -6.79074e-17 -5.75482e-17 -4.64934e-17 -2.03176e-17 9.15078e-17 9.4712e-17 7.05937e-17 4.79025e-17 4.38856e-17 5.05829e-17 5.48145e-17 4.52407e-17 2.35894e-17 -1.62246e-18 -2.26717e-17 -3.57415e-17 -4.06057e-17 -3.90824e-17 -3.36054e-17 -2.63571e-17 -1.8919e-17 -1.22458e-17 -6.78921e-18 -2.65754e-18 2.43831e-19 2.10807e-18 3.15773e-18 3.60165e-18 3.6108e-18 3.30885e-18 2.77548e-18 2.05925e-18 1.19476e-18 2.18237e-19 -8.23067e-19 -1.86949e-18 -2.85446e-18 -3.71374e-18 -4.39501e-18 0 0 0 0 0 
0 0 0 0 0 0 0 0 0 0 0 0 0 0 0 0 0 -3.97909e-19 -4.14424e-18 -1.34956e-17 -2.76262e-17 -4.3246e-17 -5.66094e-17 -6.51229e-17 -6.79074e-17 -6.55306e-17 -5.93856e-17 -5.10866e-17 -1.77322e-18 4.32969e-17 6.65893e-17 6.61908e-17 5.505e-17 4.77364e-17 4.74391e-17 4.93373e-17 4.56339e-17 3.34003e-17 1.53328e-17 -3.54103e-18 -1.89538e-17 -2.87375e-17 -3.27231e-17 -3.20035e-17 -2.8159e-17 -2.27151e-17 -1.68686e-17 -1.14149e-17 -6.78995e-18 -3.1585e-18 -5.06832e-19 1.27906e-18 2.35494e-18 2.87847e-18 2.98538e-18 2.77961e-18 2.33475e-18 1.70299e-18 9.26992e-19 5.0144e-20 -8.77836e-19 -1.80083e-18 -2.66078e-18 0 0 0 0 0 0 
0 0 0 0 0 0 0 0 0 0 0 0 0 0 0 0 0 -1.91991e-19 -2.09223e-18 -7.52113e-18 -1.69586e-17 -2.90487e-17 -4.13301e-17 -5.13636e-17 -5.75482e-17 -5.93856e-17 -5.73071e-17 -1.96206e-17 1.20395e-16 1.11661e-16 8.60056e-17 7.34347e-17 6.19939e-17 5.29449e-17 4.84352e-17 4.71753e-17 4.47804e-17 3.77222e-17 2.5599e-17 1.0643e-17 -4.00998e-18 -1.58007e-17 -2.34127e-17 -2.67383e-17 -2.64879e-17 -2.37405e-17 -1.95939e-17 -1.49617e-17 -1.04952e-17 -6.58791e-18 -3.42321e-18 -1.03456e-18 6.37088e-19 1.69626e-18 2.25889e-18 2.43108e-18 2.29951e-18 1.93121e-18 1.37908e-18 6.89601e-19 -9.08234e-20 -9.12724e-19 -1.72422e-18 0 0 0 0 0 0 
0 0 0 0 0 0 0 0 0 0 0 0 0 0 0 0 0 -9.26358e-20 -1.0542e-18 -4.1376e-18 -1.01789e-17 -1.89273e-17 -2.90742e-17 -3.88112e-17 -4.64934e-17 -5.10866e-17 -5.23e-17 -3.47017e-17 7.40262e-17 8.95939e-17 8.47267e-17 7.63129e-17 6.6733e-17 5.77446e-17 5.12318e-17 4.74814e-17 4.45163e-17 3.96801e-17 3.14972e-17 2.03326e-17 7.87567e-18 -3.8238e-18 -1.31416e-17 -1.92421e-17 -2.20647e-17 -2.2101e-17 -2.01178e-17 -1.69259e-17 -1.32307e-17 -9.56246e-18 -6.26559e-18 -3.52232e-18 -1.39212e-18 1.46745e-19 1.16072e-18 1.73304e-18 1.94571e-18 1.87061e-18 1.56798e-18 1.08928e-18 4.81756e-19 -2.07942e-19 0 0 0 0 0 0 0 
0 0 0 0 0 0 0 0 0 0 0 0 0 0 0 0 0 -4.46968e-20 -5.30217e-19 -2.25222e-18 -5.99802e-18 -1.20265e-17 -1.98311e-17 -2.82949e-17 -3.60854e-17 -4.20605e-17 -4.55289e-17 -3.87113e-17 1.70395e-17 5.14506e-17 6.57055e-17 6.85239e-17 6.52615e-17 5.93504e-17 5.33559e-17 4.8654e-17 4.49547e-17 4.08363e-17 3.49009e-17 2.66502e-17 1.66587e-17 6.19285e-18 -3.35278e-18 -1.0902e-17 -1.59065e-17 -1.83386e-17 -1.85552e-17 -1.71196e-17 -1.4644e-17 -1.16796e-17 -8.65857e-18 -5.87728e-18 -3.50749e-18 -1.62156e-18 -2.22355e-19 7.28907e-19 1.2905e-18 1.52524e-18 1.49248e-18 1.2457e-18 8.33496e-19 0 0 0 0 0 0 0 0 
0 0 0 0 0 0 0 0 0 0 0 0 0 0 0 0 0 -2.15662e-20 -2.66235e-19 -1.21516e-18 -3.48036e-18 -7.48205e-18 -1.31786e-17 -2.0011e-17 -2.70665e-17 -3.33538e-17 -3.80609e-17 -3.70426e-17 -9.65149e-18 2.01681e-17 4.1434e-17 5.30547e-17 5.70875e-17 5.61813e-17 5.28517e-17 4.89765e-17 4.53218e-17 4.15713e-17 3.68978e-17 3.06619e-17 2.28322e-17 1.40046e-17 5.13949e-18 -2.78042e-18 -9.01642e-18 -1.31988e-17 -1.53213e-17 -1.56528e-17 -1.46182e-17 -1.26887e-17 -1.03001e-17 -7.80556e-18 -5.45855e-18 -3.41615e-18 -1.75558e-18 -4.95369e-19 3.83652e-19 9.21039e-19 1.16452e-18 1.16293e-18 0 0 0 0 0 0 0 0 0 
0 0 0 0 0 0 0 0 0 0 0 0 0 0 0 0 0 -1.04057e-20 -1.33479e-19 -6.50716e-19 -1.99324e-18 -4.57183e-18 -8.56457e-18 -1.37877e-17 -1.97121e-17 -2.56043e-17 -3.07185e-17 -3.26947e-17 -2.0432e-17 -1.27368e-19 1.99305e-17 3.52153e-17 4.45361e-17 4.85962e-17 4.89486e-17 4.72489e-17 4.46653e-17 4.16092e-17 3.78796e-17 3.30713e-17 2.69734e-17 1.97719e-17 1.20197e-17 4.45797e-18 -2.19945e-18 -7.42965e-18 -1.09773e-17 -1.2849e-17 -1.32529e-17 -1.25168e-17 -1.10091e-17 -9.0781e-18 -7.01393e-18 -5.03251e-18 -3.27525e-18 -1.81933e-18 -6.92713e-19 1.10167e-19 6.15037e-19 8.57869e-19 0 0 0 0 0 0 0 0 0 
0 0 0 0 0 0 0 0 0 0 0 0 0 0 0 0 0 -5.02074e-21 -6.68263e-20 -3.46214e-19 -1.12879e-18 -2.75055e-18 -5.45955e-18 -9.28679e-18 -1.3992e-17 -1.91052e-17 -2.40399e-17 -2.73744e-17 -2.30666e-17 -1.11911e-17 4.21674e-18 1.9026e-17 3.06687e-17 3.82453e-17 4.20711e-17 4.30969e-17 4.23453e-17 4.0508e-17 3.7822e-17 3.4206e-17 2.95191e-17 2.37829e-17 1.72748e-17 1.04861e-17 3.99829e-18 -1.65563e-18 -6.09541e-18 -9.14069e-18 -1.08049e-17 -1.12527e-17 -1.07414e-17 -9.56289e-18 -7.99832e-18 -6.28738e-18 -4.61397e-18 -3.10406e-18 -1.83195e-18 -8.30758e-19 -1.04085e-19 0 0 0 0 0 0 0 0 0 0 
0 0 0 0 0 0 0 0 0 0 0 0 0 0 0 0 0 -2.42251e-21 -3.34126e-20 -1.8317e-19 -6.3302e-19 -1.63257e-18 -3.42195e-18 -6.13197e-18 -9.70981e-18 -1.39032e-17 -1.83076e-17 -2.20416e-17 -2.17647e-17 -1.59012e-17 -5.63774e-18 6.45982e-18 1.79145e-17 2.70971e-17 3.33736e-17 3.6897e-17 3.82344e-17 3.79932e-17 3.65809e-17 3.41547e-17 3.07226e-17 2.62989e-17 2.10243e-17 1.52037e-17 9.26498e-18 3.67151e-18 -1.16953e-18 -4.97468e-18 -7.61366e-18 -9.10304e-18 -9.57492e-18 -9.234e-18 -8.31459e-18 -7.04545e-18 -5.62567e-18 -4.2121e-18 -2.91625e-18 -1.80793e-18 0 0 0 0 0 0 0 0 0 0 0 
0 0 0 0 0 0 0 0 0 0 0 0 0 0 0 0 0 -1.16886e-21 -1.66855e-20 -9.64303e-20 -3.5196e-19 -9.57536e-19 -2.1131e-18 -3.97825e-18 -6.60449e-18 -9.89498e-18 -1.36077e-17 -1.72008e-17 -1.88009e-17 -1.67437e-17 -1.07991e-17 -2.09368e-18 7.63356e-18 1.67576e-17 2.41883e-17 2.94737e-17 3.26691e-17 3.40946e-17 3.41009e-17 3.29333e-17 3.0714e-17 2.75087e-17 2.34172e-17 1.86346e-17 1.34615e-17 8.2667e-18 3.42438e-18 -7.48019e-19 -4.03451e-18 -6.33887e-18 -7.6784e-18 -8.16023e-18 -7.9491e-18 -7.23487e-18 -6.20521e-18 -5.02635e-18 0 0 0 0 0 0 0 0 0 0 0 0 0 
0 0 0 0 0 0 0 0 0 0 0 0 0 0 0 0 0 -5.63975e-22 -8.32289e-21 -5.05434e-20 -1.94208e-19 -5.55716e-19 -1.2877e-18 -2.54082e-18 -4.41261e-18 -6.90341e-18 -9.89663e-18 -1.30745e-17 -1.53799e-17 -1.54996e-17 -1.26891e-17 -7.1327e-18 2.41662e-19 8.20212e-18 1.56284e-17 2.17617e-17 2.62629e-17 2.91225e-17 3.05053e-17 3.06091e-17 2.95884e-17 2.75494e-17 2.45913e-17 2.08565e-17 1.65585e-17 1.19781e-17 7.43172e-18 3.22488e-18 -3.90644e-19 -3.24699e-18 -5.2715e-18 -6.48081e-18 -6.96243e-18 -6.8502e-18 -6.29924e-18 0 0 0 0 0 0 0 0 0 0 0 0 0 0 
0 0 0 0 0 0 0 0 0 0 0 0 0 0 0 0 0 -2.72118e-22 -4.14709e-21 -2.63882e-20 -1.06438e-19 -3.19489e-19 -7.75471e-19 -1.60011e-18 -2.90114e-18 -4.7307e-18 -7.05768e-18 -9.71378e-18 -1.21077e-17 -1.33205e-17 -1.25497e-17 -9.49674e-18 -4.46557e-18 1.80288e-18 8.41058e-18 1.45581e-17 1.96962e-17 2.3555e-17 2.60841e-17 2.73545e-17 2.74749e-17 2.65492e-17 2.46753e-17 2.19691e-17 1.85896e-17 1.47489e-17 1.07022e-17 6.7198e-18 3.05382e-18 -9.32061e-20 -2.58847e-18 -4.37593e-18 -5.47076e-18 -5.94486e-18 0 0 0 0 0 0 0 0 0 0 0 0 0 0 0 
0 0 0 0 0 0 0 0 0 0 0 0 0 0 0 0 0 -1.31297e-22 -2.06432e-21 -1.37283e-20 -5.798e-20 -1.82129e-19 -4.62042e-19 -9.94989e-19 -1.87988e-18 -3.1896e-18 -4.94432e-18 -7.07253e-18 -9.25445e-18 -1.08924e-17 -1.13108e-17 -1.00396e-17 -6.99877e-18 -2.50701e-18 2.84847e-18 8.39869e-18 1.35558e-17 1.79059e-17 2.12252e-17 2.34397e-17 2.45663e-17 2.46632e-17 2.38059e-17 2.20864e-17 1.96262e-17 1.6586e-17 1.31665e-17 9.59515e-18 6.10312e-18 2.89979e-18 1.50209e-19 -2.03891e-18 0 0 0 0 0 0 0 0 0 0 0 0 0 0 0 0 0 
0 0 0 0 0 0 0 0 0 0 0 0 0 0 0 0 0 0 0 -6.62391e-21 -3.11714e-20 -1.02917e-19 -2.72593e-19 -6.11608e-19 -1.20214e-18 -2.11902e-18 -3.40806e-18 -5.05688e-18 -6.90522e-18 -8.58737e-18 -9.60087e-18 -9.47654e-18 -7.94934e-18 -5.04519e-18 -1.05992e-18 3.54096e-18 8.24917e-18 1.26198e-17 1.63302e-17 1.9189e-17 2.11119e-17 2.20865e-17 2.21431e-17 2.13407e-17 1.97665e-17 1.75401e-17 1.48159e-17 1.17783e-17 8.62781e-18 5.56207e-18 0 0 0 0 0 0 0 0 0 0 0 0 0 0 0 0 0 0 0 
0 0 0 0 0 0 0 0 0 0 0 0 0 0 0 0 0 0 0 0 0 -4.96576e-20 -1.55486e-19 -3.70123e-19 -7.58618e-19 -1.38846e-18 -2.31432e-18 -3.55661e-18 -5.04783e-18 -6.57898e-18 -7.80678e-18 -8.3392e-18 -7.85922e-18 -6.22638e-18 -3.51564e-18 1.22188e-20 3.98612e-18 8.01238e-18 1.17453e-17 1.49258e-17 1.73882e-17 1.90466e-17 1.9874e-17 1.98861e-17 1.91324e-17 1.76945e-17 1.56863e-17 1.32517e-17 0 0 0 0 0 0 0 0 0 0 0 0 0 0 0 0 0 0 0 0 0 
0 0 0 0 0 0 0 0 0 0 0 0 0 0 0 0 0 0 0 0 0 0 0 -1.78584e-19 -4.522e-19 -8.88118e-19 -1.54518e-18 -2.46161e-18 -3.62331e-18 -4.9226e-18 -6.14193e-18 -6.98715e-18 -7.16337e-18 -6.46055e-18 -4.81351e-18 -2.31662e-18 8.05532e-19 4.25464e-18 7.71997e-18 1.09266e-17 1.36619e-17 1.57818e-17 1.72039e-17 1.78959e-17 1.78662e-17 1.7158e-17 0 0 0 0 0 0 0 0 0 0 0 0 0 0 0 0 0 0 0 0 0 0 0 
0 0 0 0 0 0 0 0 0 0 0 0 0 0 0 0 0 0 0 0 0 0 0 0 0 0 -7.45548e-19 -1.54745e-18 -2.49489e-18 -3.57894e-18 -4.69032e-18 -5.63438e-18 -6.17491e-18 -6.09661e-18 -5.26414e-18 -3.65772e-18 -1.37618e-18 1.38886e-18 4.39501e-18 7.39267e-18 1.01588e-17 1.25164e-17 1.434e-17 0 0 0 0 0 0 0 0 0 0 0 0 0 0 0 0 0 0 0 0 0 0 0 0 0 0 
0 0 0 0 0 0 0 0 0 0 0 0 0 0 0 0 0 0 0 0 0 0 0 0 0 0 0 0 0 0 0 0 0 0 0 0 0 0 0 0 0 0 0 0 0 0 0 0 0 0 0 0 0 0 0 0 0 0 0 0 0 0 0 0 0 0 0 0 0 
